105.68236329439372  1476.890756302521
107.15852501164737  1432.9831932773109
108.7293151346781   1313.2352941176468
110.20382033716977  1237.3949579831933
111.58431832692008  1249.3697478991596
113.15759322209377  1177.5210084033613
114.62754300899005  1013.8655462184875
116.10722482011285  1037.81512605042
117.58214415129501  969.9579831932772
119.15417666039723  874.159663865546
120.62951012026987  814.2857142857142
122.10898486704744  834.2436974789914
123.58680309906305  822.2689075630251
125.06544958845961  826.2605042016805
126.53995479095128  750.4201680672268
128.1128155574345   670.5882352941176
129.5887702103429   622.6890756302521
131.06451779890602  570.7983193277312
132.54254309526686  562.8151260504201
134.02263903508015  594.7478991596638
135.59674218763482  538.8655462184875
137.07580280572188  550.8403361344535
138.54678791434438  407.1428571428571
140.02709091850295  443.0672268907563
141.50449502182803  423.1092436974791
142.98044967473643  375.2100840336134
144.55807292116026  387.1848739495797
146.03547702448537  367.2268907563025
147.5112246130485   315.33613445378137
148.99111348851656  343.27731092436966
150.56728728452367  327.3109243697479
152.0453125808845   319.32773109243703
153.52313081290012  307.3529411764705
154.90197228788847  287.3949579831933

